VGA Intrinsics left: {width: [640], height: [480], fx: [521.56915283203125000], fy: [521.63360595703125000], cx: [314.19027709960937500], cy: [252.92294311523437500], coeffs: [0.02705001831054688, -0.02714920043945312, -0.00002670288085938, 0.00322341918945312, 0.00000000000000000], p: [520.00000000000000000, 0.00000000000000000, 305.68518066406250000, 0.00000000000000000, 0.00000000000000000, 520.00000000000000000, 250.06152343750000000, 0.00000000000000000, 0.00000000000000000, 0.00000000000000000, 1.00000000000000000, 0.00000000000000000], r: [0.99973225593566895, -0.00225436687469482, 0.02302598953247070, 0.00225758552551270, 0.99999737739562988, -0.00011384487152100, -0.02302563190460205, 0.00016582012176514, 0.99973475933074951]}
VGA Intrinsics right: {width: [640], height: [480], fx: [519.38964843750000000], fy: [519.12359619140625000], cx: [329.67401123046875000], cy: [246.72062683105468750], coeffs: [0.02985000610351562, -0.05164337158203125, 0.00098800659179688, 0.00254821777343750, 0.00000000000000000], p: [520.00000000000000000, 0.00000000000000000, 305.68518066406250000, -64697.49218750000000000, 0.00000000000000000, 520.00000000000000000, 250.06152343750000000, 0.00000000000000000, 0.00000000000000000, 0.00000000000000000, 1.00000000000000000, 0.00000000000000000], r: [0.99959337711334229, -0.00139379501342773, 0.02847898006439209, 0.00138986110687256, 0.99999892711639404, 0.00015974044799805, -0.02847921848297119, -0.00012004375457764, 0.99959433078765869]}
VGA Extrinsics left to right: {rotation: [0.99998474121093750, -0.00086820125579834, -0.00545513629913330, 0.00086677074432373, 0.99999952316284180, -0.00026607513427734, 0.00545537471771240, 0.00026130676269531, 0.99998497962951660], translation: [-120.09633636474609375, 0.00000000000000000, 0.00000000000000000]}
HD Intrinsics left: {width: [1280], height: [720], fx: [1041.31286621093750000], fy: [1040.98352050781250000], cx: [626.57800292968750000], cy: [386.32501220703125000], coeffs: [0.01091384887695312, 0.03131866455078125, 0.00076293945312500, 0.00308990478515625, 0.00000000000000000], p: [1040.00000000000000000, 0.00000000000000000, 638.69958496093750000, 0.00000000000000000, 0.00000000000000000, 1040.00000000000000000, 385.74316406250000000, 0.00000000000000000, 0.00000000000000000, 0.00000000000000000, 1.00000000000000000, 0.00000000000000000], r: [0.99999749660491943, -0.00070941448211670, 0.00210964679718018, 0.00070822238922119, 0.99999952316284180, 0.00058639049530029, -0.00211012363433838, -0.00058484077453613, 0.99999749660491943]}
HD Intrinsics right: {width: [1280], height: [720], fx: [1040.30529785156250000], fy: [1039.61547851562500000], cx: [657.51531982421875000], cy: [384.99212646484375000], coeffs: [0.03100585937500000, -0.02972030639648438, 0.00057983398437500, 0.00259780883789062, 0.00000000000000000], p: [1040.00000000000000000, 0.00000000000000000, 638.69958496093750000, -129096.77343750000000000, 0.00000000000000000, 1040.00000000000000000, 385.74316406250000000, 0.00000000000000000, 0.00000000000000000, 0.00000000000000000, 1.00000000000000000, 0.00000000000000000], r: [0.99996936321258545, 0.00037860870361328, 0.00780785083770752, -0.00037395954132080, 0.99999964237213135, -0.00058710575103760, -0.00780808925628662, 0.00058412551879883, 0.99996924400329590]}
HD Extrinsics left to right: {rotation: [0.99998307228088379, -0.00107896327972412, -0.00569856166839600, 0.00108563899993896, 0.99999868869781494, 0.00117146968841553, 0.00569725036621094, -0.00117754936218262, 0.99998307228088379], translation: [-120.21726226806640625, 0.00000000000000000, 0.00000000000000000]}
