VGA Intrinsics left: {width: [640], height: [480], fx: [519.78729248046875000], fy: [519.72467041015625000], cx: [314.31610107421875000], cy: [253.84770202636718750], coeffs: [0.02470016479492188, -0.04087448120117188, 0.00063323974609375, 0.00352478027343750, 0.00000000000000000], p: [530.00000000000000000, 0.00000000000000000, 318.20861816406250000, 0.00000000000000000, 0.00000000000000000, 530.00000000000000000, 250.64807128906250000, 0.00000000000000000, 0.00000000000000000, 0.00000000000000000, 1.00000000000000000, 0.00000000000000000], r: [0.99998354911804199, -0.00109195709228516, 0.00561439990997314, 0.00108766555786133, 0.99999904632568359, 0.00075316429138184, -0.00561523437500000, -0.00074708461761475, 0.99998390674591064]}
VGA Intrinsics right: {width: [640], height: [480], fx: [519.13830566406250000], fy: [518.99237060546875000], cx: [332.09466552734375000], cy: [246.93711853027343750], coeffs: [0.02615356445312500, -0.03364944458007812, 0.00007247924804688, 0.00354003906250000, 0.00000000000000000], p: [530.00000000000000000, 0.00000000000000000, 318.20861816406250000, -63581.38281250000000000, 0.00000000000000000, 530.00000000000000000, 250.64807128906250000, 0.00000000000000000, 0.00000000000000000, 0.00000000000000000, 1.00000000000000000, 0.00000000000000000], r: [0.99988210201263428, -0.00000429153442383, 0.01535236835479736, 0.00001573562622070, 0.99999964237213135, -0.00075006484985352, -0.01535236835479736, 0.00075018405914307, 0.99988174438476562]}
VGA Extrinsics left to right: {rotation: [0.99995195865631104, -0.00106453895568848, -0.00973832607269287, 0.00107920169830322, 0.99999821186065674, 0.00150334835052490, 0.00973665714263916, -0.00151383876800537, 0.99995136260986328], translation: [-119.63972473144531250, 0.00000000000000000, 0.00000000000000000]}
HD Intrinsics left: {width: [640], height: [480], fx: [519.78729248046875000], fy: [519.72467041015625000], cx: [314.31610107421875000], cy: [253.84770202636718750], coeffs: [0.02470016479492188, -0.04087448120117188, 0.00063323974609375, 0.00352478027343750, 0.00000000000000000], p: [530.00000000000000000, 0.00000000000000000, 318.20861816406250000, 0.00000000000000000, 0.00000000000000000, 530.00000000000000000, 250.64807128906250000, 0.00000000000000000, 0.00000000000000000, 0.00000000000000000, 1.00000000000000000, 0.00000000000000000], r: [0.99998354911804199, -0.00109195709228516, 0.00561439990997314, 0.00108766555786133, 0.99999904632568359, 0.00075316429138184, -0.00561523437500000, -0.00074708461761475, 0.99998390674591064]}
HD Intrinsics right: {width: [640], height: [480], fx: [519.13830566406250000], fy: [518.99237060546875000], cx: [332.09466552734375000], cy: [246.93711853027343750], coeffs: [0.02615356445312500, -0.03364944458007812, 0.00007247924804688, 0.00354003906250000, 0.00000000000000000], p: [530.00000000000000000, 0.00000000000000000, 318.20861816406250000, -63581.38281250000000000, 0.00000000000000000, 530.00000000000000000, 250.64807128906250000, 0.00000000000000000, 0.00000000000000000, 0.00000000000000000, 1.00000000000000000, 0.00000000000000000], r: [0.99988210201263428, -0.00000429153442383, 0.01535236835479736, 0.00001573562622070, 0.99999964237213135, -0.00075006484985352, -0.01535236835479736, 0.00075018405914307, 0.99988174438476562]}
HD Extrinsics left to right: {rotation: [0.99995195865631104, -0.00106453895568848, -0.00973832607269287, 0.00107920169830322, 0.99999821186065674, 0.00150334835052490, 0.00973665714263916, -0.00151383876800537, 0.99995136260986328], translation: [-119.63972473144531250, 0.00000000000000000, 0.00000000000000000]}
